local placeId = game.PlaceId
if placeId == 2753915549 then
   FirstSea = true
elseif placeId == 4442272183 then
   SecondSea = true
elseif placeId == 7449423635 then
   ThirdSea = true
else
    game:GetService("Players").LocalPlayer:Kick("Script for Blox Fruits only!")
end


function CheckQuest() 
    MyLevel = game:GetService("Players").LocalPlayer.Data.Level.Value
    if FirstSea then
        if MyLevel == 1 or MyLevel <= 9 then
            Mon = "Bandit [Lv. 5]"
            LevelQuest = 1
            NameQuest = "BanditQuest1"
            NameMon = "Bandit"
            CFrameMon = CFrame.new(1184.6668701172, 66.851402282715, 1513.2677001953)
            CFrameQuest = CFrame.new(1059.37195, 15.4495068, 1550.4231, 0.939700544, -0, -0.341998369, 0, 1, -0, 0.341998369, 0, 0.939700544)
        elseif MyLevel == 10 or MyLevel <= 14 then
            Mon = "Monkey [Lv. 14]"
            LevelQuest = 1
            NameQuest = "JungleQuest"
            NameMon = "Monkey"
            CFrameMon = CFrame.new(-1606.4381103516, 35.292171478271, 171.13681030273)
            CFrameQuest = CFrame.new(-1598.08911, 35.5501175, 153.377838, 0, 0, 1, 0, 1, -0, -1, 0, 0)
        elseif MyLevel == 15 or MyLevel <= 29 then
            Mon = "Gorilla [Lv. 20]"
            LevelQuest = 2
            NameQuest = "JungleQuest"
            NameMon = "Gorilla"
            CFrameMon = CFrame.new(-1155.7474365234, 13.141628265381, -546.68371582031)
            CFrameQuest = CFrame.new(-1598.08911, 35.5501175, 153.377838, 0, 0, 1, 0, 1, -0, -1, 0, 0)
        elseif MyLevel == 30 or MyLevel <= 39 then
            Mon = "Pirate [Lv. 35]"
            LevelQuest = 1
            NameQuest = "BuggyQuest1"
            NameMon = "Pirate"
            CFrameMon = CFrame.new(-1157.0579833984, 47.273414611816, 3970.0051269531)
            CFrameQuest = CFrame.new(-1141.07483, 4.10001802, 3831.5498, 0.965929627, -0, -0.258804798, 0, 1, -0, 0.258804798, 0, 0.965929627)
        elseif MyLevel == 40 or MyLevel <= 59 then
            Mon = "Brute [Lv. 45]"
            LevelQuest = 2
            NameQuest = "BuggyQuest1"
            NameMon = "Brute"
            CFrameMon = CFrame.new(-1136.0251464844, 86.027862548828, 4303.5830078125)
            CFrameQuest = CFrame.new(-1141.07483, 4.10001802, 3831.5498, 0.965929627, -0, -0.258804798, 0, 1, -0, 0.258804798, 0, 0.965929627)
        elseif MyLevel == 60 or MyLevel <= 74 then
            Mon = "Desert Bandit [Lv. 60]"
            LevelQuest = 1
            NameQuest = "DesertQuest"
            NameMon = "Desert Bandit"
            CFrameMon = CFrame.new(898.62774658203, 6.4384622573853, 4407.58203125)
            CFrameQuest = CFrame.new(894.488647, 5.14000702, 4392.43359, 0.819155693, -0, -0.573571265, 0, 1, -0, 0.573571265, 0, 0.819155693)
        elseif MyLevel == 75 or MyLevel <= 89 then
            Mon = "Desert Officer [Lv. 70]"
            LevelQuest = 2
            NameQuest = "DesertQuest"
            NameMon = "Desert Officer"
            CFrameMon = CFrame.new(1537.9205322266, 14.452037811279, 4386.3881835938)
            CFrameQuest = CFrame.new(894.488647, 5.14000702, 4392.43359, 0.819155693, -0, -0.573571265, 0, 1, -0, 0.573571265, 0, 0.819155693)
        elseif MyLevel == 90 or MyLevel <= 99 then
            Mon = "Snow Bandit [Lv. 90]"
            LevelQuest = 1
            NameQuest = "SnowQuest"
            NameMon = "Snow Bandit"
            CFrameMon = CFrame.new(1379.6555175781, 87.272789001465, -1354.8793945313)
            CFrameQuest = CFrame.new(1389.74451, 88.1519318, -1298.90796, -0.342042685, 0, 0.939684391, 0, 1, 0, -0.939684391, 0, -0.342042685)
        elseif MyLevel == 100 or MyLevel <= 119 then
            Mon = "Snowman [Lv. 100]"
            LevelQuest = 2
            NameQuest = "SnowQuest"
            NameMon = "Snowman"
            CFrameMon = CFrame.new(1296.3176269531, 105.77800750732, -1586.8228759766)
            CFrameQuest = CFrame.new(1389.74451, 88.1519318, -1298.90796, -0.342042685, 0, 0.939684391, 0, 1, 0, -0.939684391, 0, -0.342042685)
        elseif MyLevel == 120 or MyLevel <= 149 then
            Mon = "Chief Petty Officer [Lv. 120]"
            LevelQuest = 1
            NameQuest = "MarineQuest2"
            NameMon = "Chief Petty Officer"
            CFrameMon = CFrame.new(-4926.9541015625, 20.652038574219, 4254.30859375)
            CFrameQuest = CFrame.new(-5039.58643, 27.3500385, 4324.68018, 0, 0, -1, 0, 1, 0, 1, 0, 0)
        elseif MyLevel == 150 or MyLevel <= 174 then
            Mon = "Sky Bandit [Lv. 150]"
            LevelQuest = 1
            NameQuest = "SkyQuest"
            NameMon = "Sky Bandit"
            CFrameMon = CFrame.new(-5035.4375, 278.06744384766, -2845.1437988281)
            CFrameQuest = CFrame.new(-4839.53027, 716.368591, -2619.44165, 0.866007268, 0, 0.500031412, 0, 1, 0, -0.500031412, 0, 0.866007268)
        elseif MyLevel == 175 or MyLevel <= 224 then
            Mon = "Dark Master [Lv. 175]"
            LevelQuest = 2
            NameQuest = "SkyQuest"
            NameMon = "Dark Master"
            CFrameMon = CFrame.new(-5252.2421875, 388.65203857422, -2273.1125488281)
            CFrameQuest = CFrame.new(-4839.53027, 716.368591, -2619.44165, 0.866007268, 0, 0.500031412, 0, 1, 0, -0.500031412, 0, 0.866007268)
        elseif MyLevel == 225 or MyLevel <= 274 then
            Mon = "Toga Warrior [Lv. 225]"
            LevelQuest = 1
            NameQuest = "ColosseumQuest"
            NameMon = "Toga Warrior"
            CFrameMon = CFrame.new(-1951.6307373047, 7.2890739440918, -2795.9350585938)
            CFrameQuest = CFrame.new(-1580.04663, 6.35000277, -2986.47534, -0.515037298, 0, -0.857167721, 0, 1, 0, 0.857167721, 0, -0.515037298)
        elseif MyLevel == 275 or MyLevel <= 299 then
            Mon = "Gladiator [Lv. 275]"
            LevelQuest = 2
            NameQuest = "ColosseumQuest"
            NameMon = "Gladiator"
            CFrameMon = CFrame.new(-1361.2359619141, 7.4425468444824, -3206.2006835938)
            CFrameQuest = CFrame.new(-1580.04663, 6.35000277, -2986.47534, -0.515037298, 0, -0.857167721, 0, 1, 0, 0.857167721, 0, -0.515037298)
        elseif MyLevel == 300 or MyLevel <= 329 then
            Mon = "Military Soldier [Lv. 300]"
            LevelQuest = 1
            NameQuest = "MagmaQuest"
            NameMon = "Military Soldier"
            CFrameMon = CFrame.new(-5425.244140625, 10.298267364502, 8442.607421875)
            CFrameQuest = CFrame.new(-5313.37012, 10.9500084, 8515.29395, -0.499959469, 0, 0.866048813, 0, 1, 0, -0.866048813, 0, -0.499959469)
        elseif MyLevel == 330 or MyLevel <= 449 then
            Mon = "Military Spy [Lv. 330]"
            LevelQuest = 2
            NameQuest = "MagmaQuest"
            NameMon = "Military Spy"
            CFrameMon = CFrame.new(-5808.0297851563, 82.834617614746, 8825.5166015625)
            CFrameQuest = CFrame.new(-5313.37012, 10.9500084, 8515.29395, -0.499959469, 0, 0.866048813, 0, 1, 0, -0.866048813, 0, -0.499959469)
        elseif MyLevel == 450 or MyLevel <= 474 then
            Mon = "God's Guard [Lv. 450]"
            LevelQuest = 1
            NameQuest = "SkyExp1Quest"
            NameMon = "God's Guard"
            CFrameMon = CFrame.new(-4681.8432617188, 845.27716064453, -1955.4534912109)
            CFrameQuest = CFrame.new(-4721.88867, 843.874695, -1949.96643, 0.996191859, -0, -0.0871884301, 0, 1, -0, 0.0871884301, 0, 0.996191859)
        elseif MyLevel == 475 or MyLevel <= 524 then
            Mon = "Shanda [Lv. 475]"
            LevelQuest = 2
            NameQuest = "SkyExp1Quest"
            NameMon = "Shanda"
            CFrameMon = CFrame.new(-7656.3056640625, 5545.4931640625, -531.23907470703)
            CFrameQuest = CFrame.new(-7859.09814, 5544.19043, -381.476196, -0.422592998, 0, 0.906319618, 0, 1, 0, -0.906319618, 0, -0.422592998)
        elseif MyLevel == 525 or MyLevel <= 549 then
            Mon = "Royal Squad [Lv. 525]"
            LevelQuest = 1
            NameQuest = "SkyExp2Quest"
            NameMon = "Royal Squad"
            CFrameMon = CFrame.new(-7722.328125, 5610.9272460938, -1441.6092529297)
            CFrameQuest = CFrame.new(-7906.81592, 5634.6626, -1411.99194, 0, 0, -1, 0, 1, 0, 1, 0, 0)
        elseif MyLevel == 550 or MyLevel <= 624 then
            Mon = "Royal Soldier [Lv. 550]"
            LevelQuest = 2
            NameQuest = "SkyExp2Quest"
            NameMon = "Royal Soldier"
            CFrameMon = CFrame.new(-7825.0087890625, 5606.8784179688, -1731.4152832031)
            CFrameQuest = CFrame.new(-7906.81592, 5634.6626, -1411.99194, 0, 0, -1, 0, 1, 0, 1, 0, 0)
        elseif MyLevel == 625 or MyLevel <= 649 then
            Mon = "Galley Pirate [Lv. 625]"
            LevelQuest = 1
            NameQuest = "FountainQuest"
            NameMon = "Galley Pirate"
            CFrameMon = CFrame.new(5379.8198242188, 38.501140594482, 4033.5905761719)
            CFrameQuest = CFrame.new(5259.81982, 37.3500175, 4050.0293, 0.087131381, 0, 0.996196866, 0, 1, 0, -0.996196866, 0, 0.087131381)
        elseif MyLevel >= 650 then
            Mon = "Galley Captain [Lv. 650]"
            LevelQuest = 2
            NameQuest = "FountainQuest"
            NameMon = "Galley Captain"
            CFrameMon = CFrame.new(5556.1420898438, 113.47412109375, 4819.0576171875)
            CFrameQuest = CFrame.new(5259.81982, 37.3500175, 4050.0293, 0.087131381, 0, 0.996196866, 0, 1, 0, -0.996196866, 0, 0.087131381)
        end
    elseif SecondSea then
        if MyLevel == 700 or MyLevel <= 724 then
            Mon = "Raider [Lv. 700]"
            LevelQuest = 1
            NameQuest = "Area1Quest"
            NameMon = "Raider"
            CFrameMon = CFrame.new(-122.82179260254, 39.079746246338, 2362.2602539063)
            CFrameQuest = CFrame.new(-429.543518, 71.7699966, 1836.18188, -0.22495985, 0, -0.974368095, 0, 1, 0, 0.974368095, 0, -0.22495985)
        elseif MyLevel == 725 or MyLevel <= 774 then
            Mon = "Mercenary [Lv. 725]"
            LevelQuest = 2
            NameQuest = "Area1Quest"
            NameMon = "Mercenary"
            CFrameMon = CFrame.new(-942.66076660156, 72.959716796875, 1720.8294677734)
            CFrameQuest = CFrame.new(-429.543518, 71.7699966, 1836.18188, -0.22495985, 0, -0.974368095, 0, 1, 0, 0.974368095, 0, -0.22495985)
        elseif MyLevel == 775 or MyLevel <= 799 then
            Mon = "Swan Pirate [Lv. 775]"
            LevelQuest = 1
            NameQuest = "Area2Quest"
            NameMon = "Swan Pirate"
            CFrameMon = CFrame.new(1024.1345214844, 73.029739379883, 1262.7456054688)
            CFrameQuest = CFrame.new(638.43811, 71.769989, 918.282898, 0.139203906, 0, 0.99026376, 0, 1, 0, -0.99026376, 0, 0.139203906)
        elseif MyLevel == 800 or MyLevel <= 874 then
            Mon = "Factory Staff [Lv. 800]"
            NameQuest = "Area2Quest"
            LevelQuest = 2
            NameMon = "Factory Staff"
            CFrameQuest = CFrame.new(632.698608, 73.1055908, 918.666321, -0.0319722369, 8.96074881e-10, -0.999488771, 1.36326533e-10, 1, 8.92172336e-10, 0.999488771, -1.07732087e-10, -0.0319722369)
            CFrameMon = CFrame.new(296.786499, 72.9948196, -57.1298141, -0.876037002, -5.32364979e-08, 0.482243896, -3.87658332e-08, 1, 3.99718729e-08, -0.482243896, 1.63222538e-08, -0.876037002)
        elseif MyLevel == 875 or MyLevel <= 899 then
            Mon = "Marine Lieutenant [Lv. 875]"
            LevelQuest = 1
            NameQuest = "MarineQuest3"
            NameMon = "Marine Lieutenant"
            CFrameMon = CFrame.new(-2842.595703125, 72.96614074707, -3012.0222167969)
            CFrameQuest = CFrame.new(-2440.79639, 71.7140732, -3216.06812, 0.866007268, 0, 0.500031412, 0, 1, 0, -0.500031412, 0, 0.866007268)
        elseif MyLevel == 900 or MyLevel <= 949 then
            Mon = "Marine Captain [Lv. 900]"
            LevelQuest = 2
            NameQuest = "MarineQuest3"
            NameMon = "Marine Captain"
            CFrameMon = CFrame.new(-1927.8619384766, 72.96614074707, -3385.0322265625)
            CFrameQuest = CFrame.new(-2440.79639, 71.7140732, -3216.06812, 0.866007268, 0, 0.500031412, 0, 1, 0, -0.500031412, 0, 0.866007268)
        elseif MyLevel == 950 or MyLevel <= 974 then
            Mon = "Zombie [Lv. 950]"
            LevelQuest = 1
            NameQuest = "ZombieQuest"
            NameMon = "Zombie"
            CFrameMon = CFrame.new(-5685.9233398438, 48.480125427246, -853.23724365234)
            CFrameQuest = CFrame.new(-5497.06152, 47.5923004, -795.237061, -0.29242146, 0, -0.95628953, 0, 1, 0, 0.95628953, 0, -0.29242146)
        elseif MyLevel == 975 or MyLevel <= 999 then
            Mon = "Vampire [Lv. 975]"
            LevelQuest = 2
            NameQuest = "ZombieQuest"
            NameMon = "Vampire"
            CFrameMon = CFrame.new(-6018.3452148438, 6.4027013778687, -1267.6065673828)
            CFrameQuest = CFrame.new(-5497.06152, 47.5923004, -795.237061, -0.29242146, 0, -0.95628953, 0, 1, 0, 0.95628953, 0, -0.29242146)
        elseif MyLevel == 1000 or MyLevel <= 1049 then
            Mon = "Snow Trooper [Lv. 1000]"
            LevelQuest = 1
            NameQuest = "SnowMountainQuest"
            NameMon = "Snow Trooper"
            CFrameMon = CFrame.new(481.48031616211, 401.42202758789, -5361.2138671875)
            CFrameQuest = CFrame.new(609.858826, 400.119904, -5372.25928, -0.374604106, 0, 0.92718488, 0, 1, 0, -0.92718488, 0, -0.374604106)
        elseif MyLevel == 1050 or MyLevel <= 1099 then
            Mon = "Winter Warrior [Lv. 1050]"
            LevelQuest = 2
            NameQuest = "SnowMountainQuest"
            NameMon = "Winter Warrior"
            CFrameMon = CFrame.new(1148.3015136719, 429.38235473633, -5262.1708984375)
            CFrameQuest = CFrame.new(609.858826, 400.119904, -5372.25928, -0.374604106, 0, 0.92718488, 0, 1, 0, -0.92718488, 0, -0.374604106)
        elseif MyLevel == 1100 or MyLevel <= 1124 then
            Mon = "Lab Subordinate [Lv. 1100]"
            LevelQuest = 1
            NameQuest = "IceSideQuest"
            NameMon = "Lab Subordinate"
            CFrameMon = CFrame.new(-5775.5200195313, 42.301044464111, -4483.5092773438)
            CFrameQuest = CFrame.new(-6064.06885, 15.2422857, -4902.97852, 0.453972578, -0, -0.891015649, 0, 1, -0, 0.891015649, 0, 0.453972578)
        elseif MyLevel == 1125 or MyLevel <= 1174 then
            Mon = "Horned Warrior [Lv. 1125]"
            LevelQuest = 2
            NameQuest = "IceSideQuest"
            NameMon = "Horned Warrior"
            CFrameMon = CFrame.new(-6283.5942382813, 18.321973800659, -5606.4282226563)
            CFrameQuest = CFrame.new(-6064.06885, 15.2422857, -4902.97852, 0.453972578, -0, -0.891015649, 0, 1, -0, 0.891015649, 0, 0.453972578)
        elseif MyLevel == 1175 or MyLevel <= 1199 then
            Mon = "Magma Ninja [Lv. 1175]"
            LevelQuest = 1
            NameQuest = "FireSideQuest"
            NameMon = "Magma Ninja"
            CFrameMon = CFrame.new(-5686.64453125, 15.951762199402, -5713.7026367188)
            CFrameQuest = CFrame.new(-5428.03174, 15.0622921, -5299.43457, -0.882952213, 0, 0.469463557, 0, 1, 0, -0.469463557, 0, -0.882952213)
        elseif MyLevel == 1200 or MyLevel <= 1349 then
            Mon = "Lava Pirate [Lv. 1200]"
            LevelQuest = 2
            NameQuest = "FireSideQuest"
            NameMon = "Lava Pirate"
            CFrameMon = CFrame.new(-5427.345703125, 67.961860656738, -4694.3706054688)
            CFrameQuest = CFrame.new(-5428.03174, 15.0622921, -5299.43457, -0.882952213, 0, 0.469463557, 0, 1, 0, -0.469463557, 0, -0.882952213)
        elseif MyLevel == 1350 or MyLevel <= 1374 then
            Mon = "Arctic Warrior [Lv. 1350]"
            LevelQuest = 1
            NameQuest = "FrostQuest"
            NameMon = "Arctic Warrior"
            CFrameMon = CFrame.new(6009.58203125, 28.367122650146, -6247.9741210938)
            CFrameQuest = CFrame.new(5667.6582, 26.7997818, -6486.08984, -0.933587909, 0, -0.358349502, 0, 1, 0, 0.358349502, 0, -0.933587909)
        elseif MyLevel == 1375 or MyLevel <= 1424 then
            Mon = "Snow Lurker [Lv. 1375]"
            LevelQuest = 2
            NameQuest = "FrostQuest"
            NameMon = "Snow Lurker"
            CFrameMon = CFrame.new(5476.5615234375, 28.82799911499, -6847.412109375)
            CFrameQuest = CFrame.new(5667.6582, 26.7997818, -6486.08984, -0.933587909, 0, -0.358349502, 0, 1, 0, 0.358349502, 0, -0.933587909)
        elseif MyLevel == 1425 or MyLevel <= 1449 then
            Mon = "Sea Soldier [Lv. 1425]"
            LevelQuest = 1
            NameQuest = "ForgottenQuest"
            NameMon = "Sea Soldier"
            CFrameMon = CFrame.new(-3032.2255859375, 70.041687011719, -9779.5869140625)
            CFrameQuest = CFrame.new(-3054.44458, 235.544281, -10142.8193, 0.990270376, -0, -0.13915664, 0, 1, -0, 0.13915664, 0, 0.990270376)
        elseif MyLevel >= 1450 then
            Mon = "Water Fighter [Lv. 1450]"
            LevelQuest = 2
            NameQuest = "ForgottenQuest"
            NameMon = "Water Fighter"
            CFrameMon = CFrame.new(-3261.4780273438, 291.33917236328, -10596.365234375)
            CFrameQuest = CFrame.new(-3054.44458, 235.544281, -10142.8193, 0.990270376, -0, -0.13915664, 0, 1, -0, 0.13915664, 0, 0.990270376)
        end
    elseif ThirdSea then
        if MyLevel == 1500 or MyLevel <= 1524 then
            Mon = "Pirate Millionaire [Lv. 1500]"
            LevelQuest = 1
            NameQuest = "PiratePortQuest"
            NameMon = "Pirate Millionaire"
            CFrameMon = CFrame.new(-366.55215454102, 68.321365356445, 5561.5541992188)
            CFrameQuest = CFrame.new(-290.074677, 42.9034653, 5581.58984, 0.965929627, -0, -0.258804798, 0, 1, -0, 0.258804798, 0, 0.965929627)
        elseif MyLevel == 1525 or MyLevel <= 1574 then
            Mon = "Pistol Billionaire [Lv. 1525]"
            LevelQuest = 2
            NameQuest = "PiratePortQuest"
            NameMon = "Pistol Billionaire"
            CFrameMon = CFrame.new(-413.86712646484, 123.34642028809, 5857.123046875)
            CFrameQuest = CFrame.new(-290.074677, 42.9034653, 5581.58984, 0.965929627, -0, -0.258804798, 0, 1, -0, 0.258804798, 0, 0.965929627)
        elseif MyLevel == 1575 or MyLevel <= 1599 then
            Mon = "Dragon Crew Warrior [Lv. 1575]"
            LevelQuest = 1
            NameQuest = "AmazonQuest"
            NameMon = "Dragon Crew Warrior"
            CFrameMon = CFrame.new(6297.5546875, 108.10154724121, -1078.3551025391)
            CFrameQuest = CFrame.new(5832.83594, 51.6806107, -1101.51563, 0.898790359, -0, -0.438378751, 0, 1, -0, 0.438378751, 0, 0.898790359)
         elseif MyLevel == 1600 or MyLevel <= 1624 then 
            Mon = "Dragon Crew Archer [Lv. 1600]"
            NameQuest = "AmazonQuest"
            LevelQuest = 2
            NameMon = "Dragon Crew Archer"
            CFrameQuest = CFrame.new(5833.1147460938, 51.60498046875, -1103.0693359375)
            CFrameMon = CFrame.new(6831.1171875, 441.76708984375, 446.58615112305)
         elseif MyLevel == 1625 or MyLevel <= 1649 then
            Mon = "Female Islander [Lv. 1625]"
            NameQuest = "AmazonQuest2"
            LevelQuest = 1
            NameMon = "Female Islander"
            CFrameQuest = CFrame.new(5446.8793945313, 601.62945556641, 749.45672607422)
            CFrameMon = CFrame.new(5792.5166015625, 848.14392089844, 1084.1818847656)
         elseif MyLevel == 1650 or MyLevel <= 1699 then 
            Mon = "Giant Islander [Lv. 1650]"
            NameQuest = "AmazonQuest2"
            LevelQuest = 2
            NameMon = "Giant Islander"
            CFrameQuest = CFrame.new(5446.8793945313, 601.62945556641, 749.45672607422)
            CFrameMon = CFrame.new(5009.5068359375, 664.11071777344, -40.960144042969)
        elseif MyLevel == 1700 or MyLevel <= 1724 then
            Mon = "Marine Commodore [Lv. 1700]"
            LevelQuest = 1
            NameQuest = "MarineTreeIsland"
            NameMon = "Marine Commodore"
            CFrameMon = CFrame.new(2335.4865722656, 190.39758300781, -7183.552734375)
            CFrameQuest = CFrame.new(2180.54126, 27.8156815, -6741.5498, -0.965929747, 0, 0.258804798, 0, 1, 0, -0.258804798, 0, -0.965929747)
         elseif MyLevel == 1725 or MyLevel <= 1774 then
            Mon = "Marine Rear Admiral [Lv. 1725]"
            NameMon = "Marine Rear Admiral"
            NameQuest = "MarineTreeIsland"
            LevelQuest = 2
            CFrameQuest = CFrame.new(2179.98828125, 28.731239318848, -6740.0551757813)
            CFrameMon = CFrame.new(3294.3142089844, 385.41125488281, -7048.6342773438)
        elseif MyLevel == 1775 or MyLevel <= 1799 then
            Mon = "Fishman Raider [Lv. 1775]"
            LevelQuest = 1
            NameQuest = "DeepForestIsland3"
            NameMon = "Fishman Raider"
            CFrameMon = CFrame.new(-10310.296875, 426.3200378418, -8592.0048828125)
            CFrameQuest = CFrame.new(-10581.6563, 330.872955, -8761.18652, -0.882952213, 0, 0.469463557, 0, 1, 0, -0.469463557, 0, -0.882952213)   
        elseif MyLevel == 1800 or MyLevel <= 1824 then
            Mon = "Fishman Captain [Lv. 1800]"
            LevelQuest = 2
            NameQuest = "DeepForestIsland3"
            NameMon = "Fishman Captain"
            CFrameMon = CFrame.new(-10728.3046875, 397.76626586914, -9079.86328125)
            CFrameQuest = CFrame.new(-10581.6563, 330.872955, -8761.18652, -0.882952213, 0, 0.469463557, 0, 1, 0, -0.469463557, 0, -0.882952213)   
        elseif MyLevel == 1825 or MyLevel <= 1849 then
            Mon = "Forest Pirate [Lv. 1825]"
            LevelQuest = 1
            NameQuest = "DeepForestIsland"
            NameMon = "Forest Pirate"
            CFrameMon = CFrame.new(-13265.977539063, 428.16796875, -7758.57421875)
            CFrameQuest = CFrame.new(-13234.04, 331.488495, -7625.40137, 0.707134247, -0, -0.707079291, 0, 1, -0, 0.707079291, 0, 0.707134247)
        elseif MyLevel == 1850 or MyLevel <= 1899 then
            Mon = "Mythological Pirate [Lv. 1850]"
            LevelQuest = 2
            NameQuest = "DeepForestIsland"
            NameMon = "Mythological Pirate"
            CFrameMon = CFrame.new(-13392.751953125, 622.6171875, -7082.2348632813)
            CFrameQuest = CFrame.new(-13234.04, 331.488495, -7625.40137, 0.707134247, -0, -0.707079291, 0, 1, -0, 0.707079291, 0, 0.707134247)   
        elseif MyLevel == 1900 or MyLevel <= 1924 then
            Mon = "Jungle Pirate [Lv. 1900]"
            LevelQuest = 1
            NameQuest = "DeepForestIsland2"
            NameMon = "Jungle Pirate"
            CFrameMon = CFrame.new(-11997.963867188, 431.92016601563, -10300.259765625)
            CFrameQuest = CFrame.new(-12680.3818, 389.971039, -9902.01953, -0.0871315002, 0, 0.996196866, 0, 1, 0, -0.996196866, 0, -0.0871315002)
        elseif MyLevel == 1925 or MyLevel <= 1974 then
            Mon = "Musketeer Pirate [Lv. 1925]"
            LevelQuest = 2
            NameQuest = "DeepForestIsland2"
            NameMon = "Musketeer Pirate"
            CFrameMon = CFrame.new(-13293.668945313, 496.21118164063, -9573.9326171875)
            CFrameQuest = CFrame.new(-12680.3818, 389.971039, -9902.01953, -0.0871315002, 0, 0.996196866, 0, 1, 0, -0.996196866, 0, -0.0871315002)
        elseif MyLevel == 1975 or MyLevel <= 1999 then
            Mon = "Reborn Skeleton [Lv. 1975]"
            LevelQuest = 1
            NameQuest = "HauntedQuest1"
            NameMon = "Reborn Skeleton"
            CFrameMon = CFrame.new(-8767.4658203125, 184.68771362305, 6228.1762695313)
            CFrameQuest = CFrame.new(-9479.2168, 141.215088, 5566.09277, 0, 0, 1, 0, 1, -0, -1, 0, 0)
        elseif MyLevel == 2000 or MyLevel <= 2024 then
            Mon = "Living Zombie [Lv. 2000]"
            LevelQuest = 2
            NameQuest = "HauntedQuest1"
            NameMon = "Living Zombie"
            CFrameMon = CFrame.new(-10146.403320313, 139.62678527832, 5987.4208984375)
            CFrameQuest = CFrame.new(-9479.2168, 141.215088, 5566.09277, 0, 0, 1, 0, 1, -0, -1, 0, 0)
        elseif MyLevel == 2025 or MyLevel <= 2049 then
            Mon = "Demonic Soul [Lv. 2025]"
            LevelQuest = 1
            NameQuest = "HauntedQuest2"
            NameMon = "Demonic Soul"
            CFrameMon = CFrame.new(-9365.5595703125, 222.10494995117, 6231.1879882813)
            CFrameQuest = CFrame.new(-9516.99316, 172.017181, 6078.46533, 0, 0, -1, 0, 1, 0, 1, 0, 0) 
        elseif MyLevel == 2050 or MyLevel <= 2074 then
             Mon = "Posessed Mummy [Lv. 2050]"
             LevelQuest = 2
             NameQuest = "HauntedQuest2"
             NameMon = "Posessed Mummy"
             CFrameMon = CFrame.new(-9556.00488, 66.3880768, 6370.78076, 0.999951124, 3.36073747e-08, -0.00988800824, -3.39445911e-08, 1, -3.39356419e-08, 0.00988800824, 3.42696289e-08, 0.999951124)
             CFrameQuest = CFrame.new(-9516.99316, 172.017181, 6078.46533, 0, 0, -1, 0, 1, 0, 1, 0, 0)
        elseif MyLevel == 2075 or MyLevel <= 2099 then
            Mon = "Peanut Scout [Lv. 2075]"
            LevelQuest = 1
            NameQuest = "NutsIslandQuest"
            NameMon = "Peanut Scout"
            CFrameMon = CFrame.new(-2192.3247070312, 94.319366455078, -10092.274414062, 0, 0, -1, 0, 1, 0, 1, 0, 0)
            CFrameQuest = CFrame.new(-2104.3908691406, 38.104167938232, -10194.21875, 0, 0, -1, 0, 1, 0, 1, 0, 0)
        elseif MyLevel == 2100 or MyLevel <= 2124 then
            Mon = "Peanut President [Lv. 2100]"
            LevelQuest = 2
            NameQuest = "NutsIslandQuest"
            NameMon = "Peanut President"
            CFrameMon = CFrame.new(-2120.5974121094, 124.56230163574, -10441.361328125, 0, 0, -1, 0, 1, 0, 1, 0, 0)
            CFrameQuest = CFrame.new(-2104.3908691406, 38.104167938232, -10194.21875, 0, 0, -1, 0, 1, 0, 1, 0, 0)
        elseif MyLevel == 2125 or MyLevel <= 2149 then
            Mon = "Ice Cream Chef [Lv. 2125]"
            LevelQuest = 1
            NameQuest = "IceCreamIslandQuest"
            NameMon = "Ice Cream Chef"
            CFrameMon = CFrame.new(-898.00366210938, 119.35078430176, -10943.458984375, 0, 0, -1, 0, 1, 0, 1, 0, 0)
            CFrameQuest = CFrame.new(-820.64825439453, 65.819526672363, -10965.795898438, 0, 0, -1, 0, 1, 0, 1, 0, 0)
        elseif MyLevel >= 2150 then
            Mon = "Ice Cream Commander [Lv. 2150]"
            LevelQuest = 2
            NameQuest = "IceCreamIslandQuest"
            NameMon = "Ice Cream Commander"
            CFrameMon = CFrame.new(-514.06311035156, 172.69267272949, -11215.62890625, 0, 0, -1, 0, 1, 0, 1, 0, 0)
            CFrameQuest = CFrame.new(-820.64825439453, 65.819526672363, -10965.795898438, 0, 0, -1, 0, 1, 0, 1, 0, 0)
        end
    end
end

function CheckQuestBoss()
    if _G.SelectBoss == "Diamond [Lv. 750] [Boss]" then
        MsBoss = "Diamond [Lv. 750] [Boss]"
        NameQuestBoss = "Area1Quest"
        LevelQuestBoss = 3
        CFrameQuestBoss = CFrame.new(-424.080078, 73.0055847, 1836.91589)
        CFrameBoss = CFrame.new(-1736.26587, 198.627731, -236.412857)
    elseif _G.SelectBoss == "Jeremy [Lv. 850] [Boss]" then
        MsBoss = "Jeremy [Lv. 850] [Boss]"
        NameQuestBoss = "Area2Quest"
        LevelQuestBoss = 3
        CFrameQuestBoss = CFrame.new(632.698608, 73.1055908, 918.666321)
        CFrameBoss = CFrame.new(2203.76953, 448.966034, 752.731079)
    elseif _G.SelectBoss == "Fajita [Lv. 925] [Boss]" then
        MsBoss = "Fajita [Lv. 925] [Boss]"
        NameQuestBoss = "MarineQuest3"
        LevelQuestBoss = 3
        CFrameQuestBoss = CFrame.new(-2442.65015, 73.0511475, -3219.11523)
        CFrameBoss = CFrame.new(-2297.40332, 115.449463, -3946.53833)
    elseif _G.SelectBoss == "Don Swan [Lv. 1000] [Boss]" then
        MsBoss = "Don Swan [Lv. 1000] [Boss]"
        CFrameBoss = CFrame.new(2288.802, 15.1870775, 863.034607, 0.99974072, -8.41247214e-08, -0.0227668174, 8.4774733e-08, 1, 2.75850098e-08, 0.0227668174, -2.95079072e-08, 0.99974072)
    elseif _G.SelectBoss == "Smoke Admiral [Lv. 1150] [Boss]" then
        MsBoss = "Smoke Admiral [Lv. 1150] [Boss]"
        NameQuestBoss = "IceSideQuest"
        LevelQuestBoss = 3
        CFrameQuestBoss = CFrame.new(-6059.96191, 15.9868021, -4904.7373)
        CFrameBoss = CFrame.new(-5115.72754, 23.7664986, -5338.2207)
    elseif _G.SelectBoss == "Cursed Captain [Lv. 1325] [Raid Boss]" then
        MsBoss = "Cursed Captain [Lv. 1325] [Raid Boss]"
        CFrameBoss = CFrame.new(916.928589, 181.092773, 33422)
    elseif _G.SelectBoss == "Darkbeard [Lv. 1000] [Raid Boss]" then
        MsBoss = "Darkbeard [Lv. 1000] [Raid Boss]"
        CFrameBoss = CFrame.new(3876.00366, 24.6882591, -3820.21777)
    elseif _G.SelectBoss == "Order [Lv. 1250] [Raid Boss]" then
        MsBoss = "Order [Lv. 1250] [Raid Boss]"
        CFrameBoss = CFrame.new(-6221.15039, 16.2351036, -5045.23584)
    elseif _G.SelectBoss == "Awakened Ice Admiral [Lv. 1400] [Boss]" then
        MsBoss = "Awakened Ice Admiral [Lv. 1400] [Boss]"
        NameQuestBoss = "FrostQuest"
        LevelQuestBoss = 3
        CFrameQuestBoss = CFrame.new(5669.33203, 28.2118053, -6481.55908)
        CFrameBoss = CFrame.new(6407.33936, 340.223785, -6892.521)
    elseif _G.SelectBoss == "Tide Keeper [Lv. 1475] [Boss]" then
        MsBoss = "Tide Keeper [Lv. 1475] [Boss]"
        NameQuestBoss = "ForgottenQuest"             
        LevelQuestBoss = 3
        CFrameQuestBoss = CFrame.new(-3053.89648, 236.881363, -10148.2324)
        CFrameBoss = CFrame.new(-3570.18652, 123.328949, -11555.9072)
        -- Old World
    elseif _G.SelectBoss == "Saber Expert [Lv. 200] [Boss]" then
        MsBoss = "Saber Expert [Lv. 200] [Boss]"
        CFrameBoss = CFrame.new(-1458.89502, 29.8870335, -50.633564)
    elseif _G.SelectBoss == "The Saw [Lv. 100] [Boss]" then
        MsBoss = "The Saw [Lv. 100] [Boss]"
        CFrameBoss = CFrame.new(-683.519897, 13.8534927, 1610.87854)
    elseif _G.SelectBoss == "The Gorilla King [Lv. 25] [Boss]" then
        MsBoss = "The Gorilla King [Lv. 25] [Boss]"
        NameQuestBoss = "JungleQuest"
        LevelQuestBoss = 3
        CFrameQuestBoss = CFrame.new(-1604.12012, 36.8521118, 154.23732)
        CFrameBoss = CFrame.new(-1223.52808, 6.27936459, -502.292664)
    elseif _G.SelectBoss == "Bobby [Lv. 55] [Boss]" then
        MsBoss = "Bobby [Lv. 55] [Boss]"
        NameQuestBoss = "BuggyQuest1"
        LevelQuestBoss = 3
        CFrameQuestBoss = CFrame.new(-1139.59717, 4.75205183, 3825.16211)
        CFrameBoss = CFrame.new(-1147.65173, 32.5966301, 4156.02588)
    elseif _G.SelectBoss == "Yeti [Lv. 110] [Boss]" then
        MsBoss = "Yeti [Lv. 110] [Boss]"
        NameQuestBoss = "SnowQuest"
        LevelQuestBoss = 3
        CFrameQuestBoss = CFrame.new(1384.90247, 87.3078308, -1296.6825)
        CFrameBoss = CFrame.new(1221.7356, 138.046906, -1488.84082)
    elseif _G.SelectBoss == "Mob Leader [Lv. 120] [Boss]" then
        MsBoss = "Mob Leader [Lv. 120] [Boss]"
        CFrameBoss = CFrame.new(-2848.59399, 7.4272871, 5342.44043)
        --The Gorilla King [Lv. 25] [Boss]
    elseif _G.SelectBoss == "Vice Admiral [Lv. 130] [Boss]" then
        MsBoss = "Vice Admiral [Lv. 130] [Boss]"
        NameQuestBoss = "MarineQuest2"
        LevelQuestBoss = 2
        CFrameQuestBoss = CFrame.new(-5035.42285, 28.6520386, 4324.50293)
        CFrameBoss = CFrame.new(-5078.45898, 99.6520691, 4402.1665)
    elseif _G.SelectBoss == "Warden [Lv. 175] [Boss]" then
        MsBoss = "Warden [Lv. 175] [Boss]"
        NameQuestBoss = "ImpelQuest"
        LevelQuestBoss = 1
        CFrameQuestBoss = CFrame.new(4851.35059, 5.68744135, 743.251282)
        CFrameBoss = CFrame.new(5232.5625, 5.26856995, 747.506897)
    elseif _G.SelectBoss == "Chief Warden [Lv. 200] [Boss]" then
        MsBoss = "Chief Warden [Lv. 200] [Boss]"
        NameQuestBoss = "ImpelQuest"
        LevelQuestBoss = 2
        CFrameQuestBoss = CFrame.new(4851.35059, 5.68744135, 743.251282)
        CFrameBoss = CFrame.new(5232.5625, 5.26856995, 747.506897)
    elseif _G.SelectBoss == "Swan [Lv. 225] [Boss]" then
        MsBoss = "Swan [Lv. 225] [Boss]"
        NameQuestBoss = "ImpelQuest"
        LevelQuestBoss = 3
        CFrameQuestBoss = CFrame.new(4851.35059, 5.68744135, 743.251282)
        CFrameBoss = CFrame.new(5232.5625, 5.26856995, 747.506897)
    elseif _G.SelectBoss == "Magma Admiral [Lv. 350] [Boss]" then
        MsBoss = "Magma Admiral [Lv. 350] [Boss]"
        NameQuestBoss = "MagmaQuest"
        LevelQuestBoss = 3
        CFrameQuestBoss = CFrame.new(-5317.07666, 12.2721891, 8517.41699)
        CFrameBoss = CFrame.new(-5530.12646, 22.8769703, 8859.91309)
    elseif _G.SelectBoss == "Fishman Lord [Lv. 425] [Boss]" then
        MsBoss = "Fishman Lord [Lv. 425] [Boss]"
        NameQuestBoss = "FishmanQuest"
        LevelQuestBoss = 3
        CFrameQuestBoss = CFrame.new(61123.0859, 18.5066795, 1570.18018)
        CFrameBoss = CFrame.new(61351.7773, 31.0306778, 1113.31409)
    elseif _G.SelectBoss == "Wysper [Lv. 500] [Boss]" then
        MsBoss = "Wysper [Lv. 500] [Boss]"
        NameQuestBoss = "SkyExp1Quest"
        LevelQuestBoss = 3
        CFrameQuestBoss = CFrame.new(-7862.94629, 5545.52832, -379.833954)
        CFrameBoss = CFrame.new(-7925.48389, 5550.76074, -636.178345)
    elseif _G.SelectBoss == "Thunder God [Lv. 575] [Boss]" then
        MsBoss = "Thunder God [Lv. 575] [Boss]"
        NameQuestBoss = "SkyExp2Quest"
        LevelQuestBoss = 3
        CFrameQuestBoss = CFrame.new(-7902.78613, 5635.99902, -1411.98706)
        CFrameBoss = CFrame.new(-7917.53613, 5616.61377, -2277.78564)
    elseif _G.SelectBoss == "Cyborg [Lv. 675] [Boss]" then
        MsBoss = "Cyborg [Lv. 675] [Boss]"
        NameQuestBoss = "FountainQuest"
        LevelQuestBoss = 3
        CFrameQuestBoss = CFrame.new(5253.54834, 38.5361786, 4050.45166)
        CFrameBoss = CFrame.new(6041.82813, 52.7112198, 3907.45142)
        --Three World
    elseif _G.SelectBoss == "Kilo Admiral [Lv. 1750] [Boss]" then
        MsBoss = "Kilo Admiral [Lv. 1750] [Boss]"
        NameQuestBoss = "MarineTreeIsland"
        LevelQuestBoss = 3
        CFrameQuestBoss = CFrame.new(2180.54126, 27.8156815, -6741.5498)
        CFrameBoss = CFrame.new(2955.1189, 423.584412, -7240.22217)
    elseif _G.SelectBoss == "Captain Elephant [Lv. 1875] [Boss]" then
        MsBoss = "Captain Elephant [Lv. 1875] [Boss]"
        NameQuestBoss = "DeepForestIsland"
        LevelQuestBoss = 3
        CFrameQuestBoss = CFrame.new(-13234.04, 331.488495, -7625.40137)
        CFrameBoss = CFrame.new(-13592.9053, 332.23584, -8134.08643)
    elseif _G.SelectBoss == "Beautiful Pirate [Lv. 1950] [Boss]" then
        MsBoss = "Beautiful Pirate [Lv. 1950] [Boss]"
        NameQuestBoss = "DeepForestIsland2"
        LevelQuestBoss = 3
        CFrameQuestBoss = CFrame.new(-12680.3818, 389.971039, -9902.01953)
        CFrameBoss = CFrame.new(5310.80957, 22.5622349, 129.390533)
    elseif _G.SelectBoss == "Longma [Lv. 2000] [Boss]" then
        MsBoss = "Longma [Lv. 2000] [Boss]"
        CFrameBoss = CFrame.new(-10293.208, 332.791351, -9450.625)
    elseif _G.SelectBoss == "Stone [Lv. 1550] [Boss]" then
        MsBoss = "Stone [Lv. 1550] [Boss]"
        NameQuestBoss = "PiratePortQuest"
        LevelQuestBoss = 3
        CFrameQuestBoss = CFrame.new(-290.074677, 42.9034653, 5581.58984)
        CFrameBoss = CFrame.new(-970.778564, 40.0068855, 6795.5249)
    elseif _G.SelectBoss == "Island Empress [Lv. 1675] [Boss]" then
        MsBoss = "Island Empress [Lv. 1675] [Boss]"
        NameQuestBoss = "AmazonQuest2"
        LevelQuestBoss = 3
        CFrameQuestBoss = CFrame.new(5448.86133, 601.516174, 751.130676)
        CFrameBoss = CFrame.new(5813.94140625, 661.14862060547, 202.04710388184)
    elseif _G.SelectBoss == "Cake Queen [Lv. 2175] [Boss]" then
        MsBoss = "Cake Queen [Lv. 2175]"
        NameQuestBoss = "IceCreamIslandQuest"
        LevelQuestBoss = 3
        CFrameQuestBoss = CFrame.new(-820.64825439453, 65.819526672363, -10965.795898438)
        CFrameBoss = CFrame.new(-724.39819335938, 381.59127807617, -10988.33203125)
    end
end

function isnil(thing)
    return (thing == nil)
end
local function round(n)
    return math.floor(tonumber(n) + 0.5)
end
Number = math.random(1, 1000000)
function UpdatePlayerChams()
    for i,v in pairs(game:GetService'Players':GetChildren()) do
        pcall(function()
            if not isnil(v.Character) then
                if ESPPlayer then
                    if not isnil(v.Character.Head) and not v.Character.Head:FindFirstChild('NameEsp'..Number) then
                        local bill = Instance.new('BillboardGui',v.Character.Head)
                        bill.Name = 'NameEsp'..Number
                        bill.ExtentsOffset = Vector3.new(0, 1, 0)
                        bill.Size = UDim2.new(1,200,1,30)
                        bill.Adornee = v.Character.Head
                        bill.AlwaysOnTop = true
                        local name = Instance.new('TextLabel',bill)
                        name.Font = Enum.Font.Code
                        name.FontSize = "Size14"
                        name.TextWrapped = true
                        name.Text = (v.Name ..' \n'.. round((game:GetService('Players').LocalPlayer.Character.Head.Position - v.Character.Head.Position).Magnitude/3) ..' M')
                        name.Size = UDim2.new(1,0,1,0)
                        name.TextYAlignment = 'Top'
                        name.BackgroundTransparency = 1
                        name.TextStrokeTransparency = 0.5
                        if v.Team == game.Players.LocalPlayer.Team then
                            name.TextColor3 = Color3.new(80,245,245)
                        else
                            name.TextColor3 = Color3.new(245,80,80)
                        end
                    else
                        v.Character.Head['NameEsp'..Number].TextLabel.Text = (v.Name ..'   \n'.. round((game:GetService('Players').LocalPlayer.Character.Head.Position - v.Character.Head.Position).Magnitude/3) ..' M')
                    end
                else
                    if v.Character.Head:FindFirstChild('NameEsp'..Number) then
                        v.Character.Head:FindFirstChild('NameEsp'..Number):Destroy()
                    end
                end
            end
        end)
    end
end
function UpdateChestChams() 
    for i,v in pairs(game.Workspace:GetChildren()) do
        pcall(function()
            if string.find(v.Name,"Chest") then
                if ChestESP then
                    if string.find(v.Name,"Chest") then
                        if not v:FindFirstChild('NameEsp'..Number) then
                            local bill = Instance.new('BillboardGui',v)
                            bill.Name = 'NameEsp'..Number
                            bill.ExtentsOffset = Vector3.new(0, 1, 0)
                            bill.Size = UDim2.new(1,200,1,30)
                            bill.Adornee = v
                            bill.AlwaysOnTop = true
                            local name = Instance.new('TextLabel',bill)
                            name.Font = Enum.Font.Code
                            name.FontSize = "Size14"
                            name.TextWrapped = true
                            name.Size = UDim2.new(1,0,1,0)
                            name.TextYAlignment = 'Top'
                            name.BackgroundTransparency = 1
                            name.TextStrokeTransparency = 0.5
                            if v.Name == "Chest1" then
                                name.TextColor3 = Color3.fromRGB(192,192,192)
